pic_id,Views,tag
